0.000000000000000000e+00 1.497026449658398235e+02 1.497026449658398235e+02
0.000000000000000000e+00 1.535537281748237604e+02 1.535537281748237604e+02
0.000000000000000000e+00 1.549828333056431120e+02 1.549828333056431404e+02
0.000000000000000000e+00 1.481298379180710754e+02 1.481298379180710754e+02
0.000000000000000000e+00 1.538264332611374527e+02 1.538264332611374527e+02
0.000000000000000000e+00 1.432572272846215640e+02 1.432572272846215640e+02
0.000000000000000000e+00 1.567097887474238291e+02 1.567097887474238291e+02
0.000000000000000000e+00 1.572234060965602112e+02 1.572234060965602396e+02
0.000000000000000000e+00 1.523890386910532300e+02 1.523890386910532300e+02
0.000000000000000000e+00 1.450998207357991419e+02 1.450998207357991419e+02
0.000000000000000000e+00 1.432572272846215640e+02 1.432572272846215640e+02
0.000000000000000000e+00 1.568437956035408263e+02 1.568437956035408831e+02
0.000000000000000000e+00 1.513057063591984104e+02 1.513057063591984104e+02
0.000000000000000000e+00 1.442779048033428921e+02 1.442779048033428921e+02
0.000000000000000000e+00 1.434032926991510521e+02 1.434032926991510521e+02
0.000000000000000000e+00 1.463954729153630865e+02 1.463954729153630865e+02
0.000000000000000000e+00 1.493748098284000321e+02 1.493748098284000605e+02
0.000000000000000000e+00 1.535537281748237604e+02 1.535537281748237604e+02
0.000000000000000000e+00 1.529157959310067838e+02 1.529157959310067838e+02
0.000000000000000000e+00 1.529157959310067838e+02 1.529157959310067838e+02
0.000000000000000000e+00 1.538264332611374527e+02 1.538264332611374527e+02
0.000000000000000000e+00 1.567097887474238291e+02 1.567097887474238291e+02
0.000000000000000000e+00 1.486941555734131555e+02 1.486941555734131839e+02
0.000000000000000000e+00 1.554779604223768672e+02 1.554779604223768672e+02
0.000000000000000000e+00 1.501464242696539770e+02 1.501464242696539770e+02
0.000000000000000000e+00 1.486941555734131555e+02 1.486941555734131839e+02
0.000000000000000000e+00 1.568437956035408263e+02 1.568437956035408831e+02
0.000000000000000000e+00 1.524349332885894626e+02 1.524349332885894626e+02
0.000000000000000000e+00 1.476573404980373141e+02 1.476573404980373425e+02
0.000000000000000000e+00 1.454615776752804379e+02 1.454615776752804379e+02
0.000000000000000000e+00 1.564865232753923010e+02 1.564865232753923010e+02
0.000000000000000000e+00 1.553431620202374575e+02 1.553431620202374575e+02
0.000000000000000000e+00 1.555228382897793722e+02 1.555228382897793722e+02
0.000000000000000000e+00 1.517205726611554439e+02 1.517205726611554724e+02
0.000000000000000000e+00 1.440838805110437875e+02 1.440838805110437875e+02
0.000000000000000000e+00 1.491173217644829094e+02 1.491173217644829094e+02
0.000000000000000000e+00 1.486001908226457715e+02 1.486001908226457715e+02
0.000000000000000000e+00 1.513978991985424898e+02 1.513978991985424898e+02
0.000000000000000000e+00 1.537354761897898641e+02 1.537354761897898641e+02
0.000000000000000000e+00 1.500066246035989082e+02 1.500066246035989082e+02
0.000000000000000000e+00 1.572234060965602112e+02 1.572234060965602396e+02
0.000000000000000000e+00 1.514439566475971901e+02 1.514439566475971901e+02
0.000000000000000000e+00 1.544173235277360732e+02 1.544173235277360732e+02
0.000000000000000000e+00 1.502859373180097862e+02 1.502859373180098146e+02
0.000000000000000000e+00 1.470147851745920491e+02 1.470147851745920491e+02
0.000000000000000000e+00 1.495154120690478408e+02 1.495154120690478408e+02
0.000000000000000000e+00 1.551631610081443853e+02 1.551631610081443853e+02
0.000000000000000000e+00 1.520897511409266940e+02 1.520897511409267224e+02
0.000000000000000000e+00 1.521358357833883019e+02 1.521358357833883304e+02
0.000000000000000000e+00 1.481768868616558450e+02 1.481768868616558450e+02
4.444444444444444198e-01 1.396061155284720883e+02 1.396061155284720883e+02
4.444444444444444198e-01 1.387427290970343279e+02 1.387427290970342995e+02
4.444444444444444198e-01 1.435944657988199253e+02 1.435944657988199253e+02
4.444444444444444198e-01 1.439580565675539958e+02 1.439580565675539958e+02
4.444444444444444198e-01 1.429818963451366756e+02 1.429818963451366756e+02
4.444444444444444198e-01 1.396061155284720883e+02 1.396061155284720883e+02
4.444444444444444198e-01 1.371410890302201722e+02 1.371410890302201722e+02
4.444444444444444198e-01 1.467822246233877195e+02 1.467822246233877479e+02
4.444444444444444198e-01 1.382856114505909773e+02 1.382856114505909773e+02
4.444444444444444198e-01 1.503846163027804153e+02 1.503846163027804153e+02
4.444444444444444198e-01 1.457800855776604010e+02 1.457800855776604010e+02
4.444444444444444198e-01 1.374480239150113619e+02 1.374480239150113334e+02
4.444444444444444198e-01 1.368543705406000299e+02 1.368543705406000299e+02
4.444444444444444198e-01 1.413466463836454921e+02 1.413466463836454921e+02
4.444444444444444198e-01 1.521249632237851301e+02 1.521249632237851301e+02
4.444444444444444198e-01 1.505011881961182780e+02 1.505011881961182496e+02
4.444444444444444198e-01 1.467822246233877195e+02 1.467822246233877479e+02
4.444444444444444198e-01 1.404238659822543980e+02 1.404238659822543980e+02
4.444444444444444198e-01 1.404238659822543980e+02 1.404238659822543980e+02
4.444444444444444198e-01 1.405521914738925204e+02 1.405521914738925204e+02
4.444444444444444198e-01 1.417082760844199640e+02 1.417082760844199640e+02
4.444444444444444198e-01 1.376995685960227433e+02 1.376995685960227433e+02
4.444444444444444198e-01 1.485824315883403415e+02 1.485824315883403131e+02
4.444444444444444198e-01 1.435944657988199253e+02 1.435944657988199253e+02
4.444444444444444198e-01 1.514404691200591344e+02 1.514404691200591344e+02
4.444444444444444198e-01 1.381918011923714289e+02 1.381918011923714005e+02
4.444444444444444198e-01 1.474541048121661220e+02 1.474541048121661220e+02
4.444444444444444198e-01 1.461614189097041105e+02 1.461614189097040821e+02
4.444444444444444198e-01 1.372165927324692802e+02 1.372165927324692802e+02
4.444444444444444198e-01 1.490537891258778416e+02 1.490537891258778416e+02
4.444444444444444198e-01 1.467822246233877195e+02 1.467822246233877479e+02
4.444444444444444198e-01 1.424376667763570765e+02 1.424376667763570765e+02
4.444444444444444198e-01 1.410204177932996572e+02 1.410204177932996572e+02
4.444444444444444198e-01 1.449076730421243155e+02 1.449076730421243155e+02
4.444444444444444198e-01 1.491225162305627521e+02 1.491225162305627521e+02
4.444444444444444198e-01 1.389303403686917591e+02 1.389303403686917591e+02
4.444444444444444198e-01 1.503846163027804153e+02 1.503846163027804153e+02
4.444444444444444198e-01 1.512442268687878766e+02 1.512442268687878766e+02
4.444444444444444198e-01 1.388964795540915986e+02 1.388964795540915986e+02
4.444444444444444198e-01 1.490537891258778416e+02 1.490537891258778416e+02
4.444444444444444198e-01 1.404238659822543980e+02 1.404238659822543980e+02
4.444444444444444198e-01 1.415752867879464247e+02 1.415752867879463963e+02
4.444444444444444198e-01 1.368543705406000299e+02 1.368543705406000299e+02
4.444444444444444198e-01 1.481873526881997236e+02 1.481873526881997236e+02
4.444444444444444198e-01 1.466644243760700590e+02 1.466644243760700590e+02
4.444444444444444198e-01 1.467822246233877195e+02 1.467822246233877479e+02
4.444444444444444198e-01 1.505011881961182780e+02 1.505011881961182496e+02
4.444444444444444198e-01 1.486402528648470707e+02 1.486402528648470991e+02
4.444444444444444198e-01 1.377689634943457406e+02 1.377689634943457406e+02
4.444444444444444198e-01 1.409511101635826265e+02 1.409511101635825980e+02
8.888888888888888395e-01 1.367750109617972782e+02 1.367750109617972782e+02
8.888888888888888395e-01 1.442046985820365421e+02 1.442046985820365137e+02
8.888888888888888395e-01 1.352215729134336186e+02 1.352215729134336470e+02
8.888888888888888395e-01 1.336096188360149313e+02 1.336096188360149313e+02
8.888888888888888395e-01 1.443487747755164605e+02 1.443487747755164605e+02
8.888888888888888395e-01 1.386913232465985857e+02 1.386913232465986141e+02
8.888888888888888395e-01 1.367750109617972782e+02 1.367750109617972782e+02
8.888888888888888395e-01 1.367750109617972782e+02 1.367750109617972782e+02
8.888888888888888395e-01 1.428981219095593360e+02 1.428981219095593644e+02
8.888888888888888395e-01 1.430481330425218403e+02 1.430481330425218118e+02
8.888888888888888395e-01 1.429819933924653128e+02 1.429819933924653128e+02
8.888888888888888395e-01 1.360743060436268763e+02 1.360743060436268763e+02
8.888888888888888395e-01 1.311362238829567559e+02 1.311362238829567843e+02
8.888888888888888395e-01 1.360743060436268763e+02 1.360743060436268763e+02
8.888888888888888395e-01 1.405367849302118373e+02 1.405367849302118657e+02
8.888888888888888395e-01 1.431809141845613169e+02 1.431809141845612885e+02
8.888888888888888395e-01 1.414120436861165615e+02 1.414120436861165615e+02
8.888888888888888395e-01 1.355660495991093057e+02 1.355660495991093057e+02
8.888888888888888395e-01 1.429819933924653128e+02 1.429819933924653128e+02
8.888888888888888395e-01 1.391737754015512678e+02 1.391737754015512678e+02
8.888888888888888395e-01 1.430481330425218403e+02 1.430481330425218118e+02
8.888888888888888395e-01 1.406310023455633313e+02 1.406310023455633313e+02
8.888888888888888395e-01 1.405484805116526275e+02 1.405484805116526275e+02
8.888888888888888395e-01 1.412967830664791222e+02 1.412967830664791506e+02
8.888888888888888395e-01 1.428981219095593360e+02 1.428981219095593644e+02
8.888888888888888395e-01 1.440375057237048964e+02 1.440375057237048964e+02
8.888888888888888395e-01 1.376862569035992578e+02 1.376862569035992578e+02
8.888888888888888395e-01 1.424630194822979092e+02 1.424630194822978808e+02
8.888888888888888395e-01 1.443817050006213094e+02 1.443817050006213094e+02
8.888888888888888395e-01 1.441927132569755940e+02 1.441927132569756225e+02
8.888888888888888395e-01 1.417383271120837946e+02 1.417383271120837946e+02
8.888888888888888395e-01 1.412117791361822867e+02 1.412117791361822867e+02
8.888888888888888395e-01 1.439786307426922747e+02 1.439786307426922747e+02
8.888888888888888395e-01 1.341562809881653209e+02 1.341562809881653493e+02
8.888888888888888395e-01 1.342502935706321239e+02 1.342502935706321239e+02
8.888888888888888395e-01 1.360660753820387185e+02 1.360660753820386901e+02
8.888888888888888395e-01 1.355660495991093057e+02 1.355660495991093057e+02
8.888888888888888395e-01 1.389648536873029059e+02 1.389648536873029059e+02
8.888888888888888395e-01 1.432804824508253034e+02 1.432804824508253034e+02
8.888888888888888395e-01 1.302942523305240741e+02 1.302942523305241025e+02
8.888888888888888395e-01 1.335394180296594868e+02 1.335394180296594868e+02
8.888888888888888395e-01 1.389648536873029059e+02 1.389648536873029059e+02
8.888888888888888395e-01 1.437077965151397905e+02 1.437077965151397905e+02
8.888888888888888395e-01 1.304763369761487297e+02 1.304763369761487581e+02
8.888888888888888395e-01 1.308432597550630589e+02 1.308432597550630589e+02
8.888888888888888395e-01 1.423026212395214429e+02 1.423026212395214429e+02
8.888888888888888395e-01 1.439621766860127821e+02 1.439621766860127821e+02
8.888888888888888395e-01 1.345940836112128807e+02 1.345940836112129375e+02
8.888888888888888395e-01 1.444074018127833483e+02 1.444074018127833483e+02
8.888888888888888395e-01 1.304763369761487297e+02 1.304763369761487581e+02
1.333333333333333259e+00 1.459342393867723615e+02 1.459342393867723331e+02
1.333333333333333259e+00 1.458213683610981093e+02 1.458213683610981093e+02
1.333333333333333259e+00 1.466941438365353463e+02 1.466941438365353463e+02
1.333333333333333259e+00 1.463924856799005170e+02 1.463924856799005170e+02
1.333333333333333259e+00 1.462501891446883917e+02 1.462501891446883633e+02
1.333333333333333259e+00 1.460307524108415578e+02 1.460307524108415294e+02
1.333333333333333259e+00 1.464309039024205106e+02 1.464309039024204822e+02
1.333333333333333259e+00 1.464398221144607533e+02 1.464398221144607817e+02
1.333333333333333259e+00 1.455242797411451079e+02 1.455242797411451079e+02
1.333333333333333259e+00 1.460630126372324469e+02 1.460630126372324469e+02
1.333333333333333259e+00 1.461252269635976688e+02 1.461252269635976404e+02
1.333333333333333259e+00 1.456725295458153653e+02 1.456725295458153653e+02
1.333333333333333259e+00 1.470024380331936698e+02 1.470024380331936698e+02
1.333333333333333259e+00 1.460504015027861442e+02 1.460504015027861442e+02
1.333333333333333259e+00 1.467858921982954428e+02 1.467858921982954428e+02
1.333333333333333259e+00 1.454775313282362390e+02 1.454775313282362674e+02
1.333333333333333259e+00 1.459617969246522762e+02 1.459617969246523046e+02
1.333333333333333259e+00 1.461073585533726771e+02 1.461073585533726487e+02
1.333333333333333259e+00 1.461197764523036540e+02 1.461197764523036540e+02
1.333333333333333259e+00 1.465318363993753223e+02 1.465318363993753508e+02
1.333333333333333259e+00 1.465759311403789695e+02 1.465759311403789127e+02
1.333333333333333259e+00 1.466941438365353463e+02 1.466941438365353463e+02
1.333333333333333259e+00 1.464367568346837629e+02 1.464367568346837629e+02
1.333333333333333259e+00 1.457004300308570635e+02 1.457004300308570635e+02
1.333333333333333259e+00 1.459729676766633020e+02 1.459729676766632736e+02
1.333333333333333259e+00 1.461158398672952501e+02 1.461158398672952217e+02
1.333333333333333259e+00 1.457591121736065247e+02 1.457591121736065247e+02
1.333333333333333259e+00 1.468309155370023404e+02 1.468309155370022836e+02
1.333333333333333259e+00 1.465172862931615896e+02 1.465172862931615896e+02
1.333333333333333259e+00 1.461252269635976688e+02 1.461252269635976404e+02
1.333333333333333259e+00 1.460211269696908687e+02 1.460211269696908403e+02
1.333333333333333259e+00 1.461715637094966667e+02 1.461715637094966667e+02
1.333333333333333259e+00 1.465025127680919184e+02 1.465025127680918899e+02
1.333333333333333259e+00 1.465803898614927334e+02 1.465803898614927334e+02
1.333333333333333259e+00 1.464105546196367982e+02 1.464105546196367698e+02
1.333333333333333259e+00 1.464367568346837629e+02 1.464367568346837629e+02
1.333333333333333259e+00 1.460003609167679315e+02 1.460003609167679315e+02
1.333333333333333259e+00 1.462234029823197261e+02 1.462234029823196977e+02
1.333333333333333259e+00 1.454885173479226808e+02 1.454885173479226808e+02
1.333333333333333259e+00 1.459617969246522762e+02 1.459617969246523046e+02
1.333333333333333259e+00 1.461252269635976688e+02 1.461252269635976404e+02
1.333333333333333259e+00 1.467845915595288204e+02 1.467845915595288204e+02
1.333333333333333259e+00 1.463459541389598826e+02 1.463459541389598826e+02
1.333333333333333259e+00 1.462022974440035057e+02 1.462022974440034773e+02
1.333333333333333259e+00 1.464245803682986491e+02 1.464245803682986491e+02
1.333333333333333259e+00 1.464417261644747725e+02 1.464417261644747725e+02
1.333333333333333259e+00 1.462925260762816038e+02 1.462925260762815753e+02
1.333333333333333259e+00 1.457617544637296021e+02 1.457617544637295737e+02
1.333333333333333259e+00 1.459816665871759938e+02 1.459816665871759653e+02
1.333333333333333259e+00 1.461073585533726771e+02 1.461073585533726487e+02
1.777777777777777679e+00 1.750695186877238996e+02 1.750695186877238143e+02
1.777777777777777679e+00 1.726193222999702073e+02 1.726193222999702073e+02
1.777777777777777679e+00 1.744912424745182591e+02 1.744912424745182307e+02
1.777777777777777679e+00 1.722208410033712767e+02 1.722208410033713335e+02
1.777777777777777679e+00 1.728354430380785516e+02 1.728354430380785516e+02
1.777777777777777679e+00 1.722766467332505727e+02 1.722766467332505442e+02
1.777777777777777679e+00 1.752274741150740454e+02 1.752274741150741306e+02
1.777777777777777679e+00 1.743893166488498707e+02 1.743893166488498991e+02
1.777777777777777679e+00 1.715245661100336179e+02 1.715245661100335042e+02
1.777777777777777679e+00 1.727297808063665627e+02 1.727297808063666196e+02
1.777777777777777679e+00 1.736234131908228164e+02 1.736234131908228733e+02
1.777777777777777679e+00 1.735035831987696326e+02 1.735035831987696895e+02
1.777777777777777679e+00 1.728946726569147359e+02 1.728946726569147074e+02
1.777777777777777679e+00 1.729645658172960907e+02 1.729645658172960623e+02
1.777777777777777679e+00 1.721873834400879275e+02 1.721873834400878991e+02
1.777777777777777679e+00 1.726157514174358312e+02 1.726157514174358312e+02
1.777777777777777679e+00 1.746249658656486190e+02 1.746249658656485622e+02
1.777777777777777679e+00 1.729645658172960907e+02 1.729645658172960623e+02
1.777777777777777679e+00 1.746275198908464859e+02 1.746275198908465427e+02
1.777777777777777679e+00 1.733216603986402617e+02 1.733216603986403186e+02
1.777777777777777679e+00 1.731539676148847207e+02 1.731539676148846070e+02
1.777777777777777679e+00 1.738045603089794326e+02 1.738045603089795463e+02
1.777777777777777679e+00 1.735252515859139066e+02 1.735252515859138498e+02
1.777777777777777679e+00 1.718201024081935202e+02 1.718201024081935202e+02
1.777777777777777679e+00 1.724195827158453085e+02 1.724195827158453085e+02
1.777777777777777679e+00 1.750750477272356704e+02 1.750750477272356704e+02
1.777777777777777679e+00 1.735588816941871357e+02 1.735588816941871642e+02
1.777777777777777679e+00 1.730256700730475359e+02 1.730256700730475927e+02
1.777777777777777679e+00 1.726305213636997564e+02 1.726305213636997848e+02
1.777777777777777679e+00 1.731544699510716327e+02 1.731544699510716043e+02
1.777777777777777679e+00 1.718201024081935202e+02 1.718201024081935202e+02
1.777777777777777679e+00 1.754609565531027044e+02 1.754609565531027613e+02
1.777777777777777679e+00 1.722875185705862577e+02 1.722875185705862577e+02
1.777777777777777679e+00 1.735418149139972286e+02 1.735418149139972286e+02
1.777777777777777679e+00 1.716284764307479520e+02 1.716284764307478952e+02
1.777777777777777679e+00 1.736341556506068571e+02 1.736341556506068571e+02
1.777777777777777679e+00 1.736234131908228164e+02 1.736234131908228733e+02
1.777777777777777679e+00 1.726193222999702073e+02 1.726193222999702073e+02
1.777777777777777679e+00 1.727260650869502854e+02 1.727260650869502854e+02
1.777777777777777679e+00 1.747566507982230064e+02 1.747566507982230064e+02
1.777777777777777679e+00 1.735252515859139066e+02 1.735252515859138498e+02
1.777777777777777679e+00 1.748902874580341802e+02 1.748902874580343223e+02
1.777777777777777679e+00 1.729112352555883945e+02 1.729112352555883660e+02
1.777777777777777679e+00 1.718383925682781523e+02 1.718383925682781239e+02
1.777777777777777679e+00 1.728946726569147359e+02 1.728946726569147074e+02
1.777777777777777679e+00 1.730614195484529318e+02 1.730614195484529034e+02
1.777777777777777679e+00 1.719688089715053820e+02 1.719688089715053820e+02
1.777777777777777679e+00 1.730287216495594009e+02 1.730287216495594009e+02
1.777777777777777679e+00 1.748651377584236855e+02 1.748651377584236286e+02
1.777777777777777679e+00 1.751123702553804549e+02 1.751123702553805686e+02
2.222222222222222321e+00 2.063394881216200645e+02 2.063394881216198087e+02
2.222222222222222321e+00 2.185094263515545379e+02 2.185094263515547652e+02
2.222222222222222321e+00 1.963959925184070698e+02 1.963959925184070130e+02
2.222222222222222321e+00 1.955275981169952217e+02 1.955275981169954207e+02
2.222222222222222321e+00 2.094691589114429746e+02 2.094691589114434009e+02
2.222222222222222321e+00 2.179001198558906935e+02 2.179001198558908925e+02
2.222222222222222321e+00 2.067996513062700501e+02 2.067996513062701354e+02
2.222222222222222321e+00 1.959093563602178278e+02 1.959093563602178563e+02
2.222222222222222321e+00 2.060590235279289288e+02 2.060590235279290141e+02
2.222222222222222321e+00 2.062665138223291024e+02 2.062665138223291024e+02
2.222222222222222321e+00 2.078384647146841075e+02 2.078384647146840791e+02
2.222222222222222321e+00 1.958381216986434197e+02 1.958381216986435049e+02
2.222222222222222321e+00 2.074882194291122914e+02 2.074882194291124051e+02
2.222222222222222321e+00 1.942257095821261146e+02 1.942257095821261998e+02
2.222222222222222321e+00 2.179001198558906935e+02 2.179001198558908925e+02
2.222222222222222321e+00 2.061094872680252479e+02 2.061094872680251910e+02
2.222222222222222321e+00 2.073946784650803465e+02 2.073946784650808013e+02
2.222222222222222321e+00 1.963363814904587628e+02 1.963363814904588480e+02
2.222222222222222321e+00 2.077610921628691187e+02 2.077610921628694882e+02
2.222222222222222321e+00 1.972063534627433796e+02 1.972063534627433796e+02
2.222222222222222321e+00 2.096454844219708775e+02 2.096454844219709912e+02
2.222222222222222321e+00 2.005245886801833990e+02 2.005245886801832569e+02
2.222222222222222321e+00 1.910495293103628569e+02 1.910495293103626864e+02
2.222222222222222321e+00 2.074631377388734563e+02 2.074631377388737974e+02
2.222222222222222321e+00 2.067996513062700501e+02 2.067996513062701354e+02
2.222222222222222321e+00 1.957655996450115765e+02 1.957655996450115481e+02
2.222222222222222321e+00 2.097314780144558028e+02 2.097314780144560302e+02
2.222222222222222321e+00 1.952233456007633947e+02 1.952233456007635084e+02
2.222222222222222321e+00 2.086163485368616932e+02 2.086163485368620911e+02
2.222222222222222321e+00 2.076003465159556924e+02 2.076003465159555219e+02
2.222222222222222321e+00 1.967880564726423245e+02 1.967880564726423245e+02
2.222222222222222321e+00 2.073300503859368291e+02 2.073300503859367723e+02
2.222222222222222321e+00 1.953763047151504963e+02 1.953763047151506953e+02
2.222222222222222321e+00 2.186116979797362774e+02 2.186116979797364479e+02
2.222222222222222321e+00 1.965465610112979391e+02 1.965465610112981381e+02
2.222222222222222321e+00 1.931393845876120565e+02 1.931393845876122555e+02
2.222222222222222321e+00 2.100866742892876573e+02 2.100866742892879131e+02
2.222222222222222321e+00 1.964865332744228681e+02 1.964865332744228681e+02
2.222222222222222321e+00 2.184857213432441085e+02 2.184857213432442222e+02
2.222222222222222321e+00 2.059395197167636979e+02 2.059395197167638969e+02
2.222222222222222321e+00 2.182272346911637442e+02 2.182272346911640284e+02
2.222222222222222321e+00 2.188485676963778985e+02 2.188485676963781827e+02
2.222222222222222321e+00 2.094691589114429746e+02 2.094691589114434009e+02
2.222222222222222321e+00 2.079012056319555768e+02 2.079012056319556905e+02
2.222222222222222321e+00 2.081015251659812293e+02 2.081015251659814282e+02
2.222222222222222321e+00 1.963672436648092514e+02 1.963672436648092514e+02
2.222222222222222321e+00 2.097458567450911744e+02 2.097458567450914302e+02
2.222222222222222321e+00 2.069386476149610417e+02 2.069386476149608427e+02
2.222222222222222321e+00 2.146496508292055410e+02 2.146496508292056546e+02
2.222222222222222321e+00 1.954567549008116032e+02 1.954567549008114895e+02
2.666666666666666519e+00 2.547569087544509898e+02 2.547569087544508477e+02
2.666666666666666519e+00 2.557709878000119090e+02 2.557709878000118238e+02
2.666666666666666519e+00 2.514525965916186010e+02 2.514525965916184020e+02
2.666666666666666519e+00 2.482082138001145779e+02 2.482082138001148337e+02
2.666666666666666519e+00 2.596986842256982868e+02 2.596986842256980026e+02
2.666666666666666519e+00 2.550106377291623403e+02 2.550106377291623687e+02
2.666666666666666519e+00 2.512347185692700862e+02 2.512347185692696598e+02
2.666666666666666519e+00 2.501455514881391480e+02 2.501455514881392617e+02
2.666666666666666519e+00 2.493689146017513565e+02 2.493689146017515554e+02
2.666666666666666519e+00 2.483945479651874848e+02 2.483945479651875701e+02
2.666666666666666519e+00 2.419958958703475105e+02 2.419958958703478800e+02
2.666666666666666519e+00 2.460715603077787250e+02 2.460715603077781566e+02
2.666666666666666519e+00 2.724808592904175839e+02 2.724808592904179250e+02
2.666666666666666519e+00 2.708053622812776666e+02 2.708053622812773824e+02
2.666666666666666519e+00 2.704055666930423740e+02 2.704055666930425446e+02
2.666666666666666519e+00 2.408044554361488281e+02 2.408044554361491407e+02
2.666666666666666519e+00 2.727194130999439494e+02 2.727194130999438926e+02
2.666666666666666519e+00 2.396736349113189419e+02 2.396736349113189419e+02
2.666666666666666519e+00 2.422917993367198903e+02 2.422917993367194640e+02
2.666666666666666519e+00 2.497308066765999115e+02 2.497308066765996273e+02
2.666666666666666519e+00 2.718179141710579074e+02 2.718179141710578506e+02
2.666666666666666519e+00 2.582763284290522847e+02 2.582763284290521142e+02
2.666666666666666519e+00 2.472765910317320674e+02 2.472765910317314422e+02
2.666666666666666519e+00 2.700321042500019075e+02 2.700321042500017370e+02
2.666666666666666519e+00 2.494273510304423098e+02 2.494273510304419119e+02
2.666666666666666519e+00 2.417615748150309969e+02 2.417615748150305421e+02
2.666666666666666519e+00 2.492302839448075247e+02 2.492302839448076668e+02
2.666666666666666519e+00 2.334209195880572736e+02 2.334209195880569894e+02
2.666666666666666519e+00 2.489733426721721230e+02 2.489733426721721514e+02
2.666666666666666519e+00 2.599808972459761662e+02 2.599808972459761662e+02
2.666666666666666519e+00 2.405690877819857860e+02 2.405690877819861839e+02
2.666666666666666519e+00 2.570921398633357740e+02 2.570921398633355466e+02
2.666666666666666519e+00 2.725027872421314328e+02 2.725027872421317170e+02
2.666666666666666519e+00 2.721010385954568847e+02 2.721010385954573394e+02
2.666666666666666519e+00 2.492302839448075247e+02 2.492302839448076668e+02
2.666666666666666519e+00 2.725618769822297054e+02 2.725618769822297054e+02
2.666666666666666519e+00 2.420361449747655058e+02 2.420361449747654774e+02
2.666666666666666519e+00 2.396784391268417664e+02 2.396784391268417664e+02
2.666666666666666519e+00 2.501817024429783487e+02 2.501817024429780361e+02
2.666666666666666519e+00 2.489733426721721230e+02 2.489733426721721514e+02
2.666666666666666519e+00 2.590578308296342698e+02 2.590578308296340992e+02
2.666666666666666519e+00 2.590578308296342698e+02 2.590578308296340992e+02
2.666666666666666519e+00 2.477238713606941758e+02 2.477238713606940337e+02
2.666666666666666519e+00 2.399130997605617779e+02 2.399130997605618916e+02
2.666666666666666519e+00 2.547438412531777487e+02 2.547438412531776919e+02
2.666666666666666519e+00 2.508523230598912335e+02 2.508523230598909777e+02
2.666666666666666519e+00 2.483945479651874848e+02 2.483945479651875701e+02
2.666666666666666519e+00 2.582763284290522847e+02 2.582763284290521142e+02
2.666666666666666519e+00 2.547438412531777487e+02 2.547438412531776919e+02
2.666666666666666519e+00 2.416779478957564891e+02 2.416779478957565175e+02
3.111111111111110716e+00 2.861167291031113109e+02 2.861167291031114246e+02
3.111111111111110716e+00 3.066822422117333531e+02 3.066822422117334099e+02
3.111111111111110716e+00 2.894158864763537053e+02 2.894158864763543306e+02
3.111111111111110716e+00 3.083291838026951837e+02 3.083291838026950131e+02
3.111111111111110716e+00 3.043174747254635122e+02 3.043174747254634553e+02
3.111111111111110716e+00 3.066822422117333531e+02 3.066822422117334099e+02
3.111111111111110716e+00 2.929025080314447678e+02 2.929025080314451088e+02
3.111111111111110716e+00 3.086219785056617866e+02 3.086219785056613887e+02
3.111111111111110716e+00 3.052642981440637300e+02 3.052642981440638437e+02
3.111111111111110716e+00 3.080940627293776970e+02 3.080940627293772991e+02
3.111111111111110716e+00 3.068483729638448949e+02 3.068483729638447812e+02
3.111111111111110716e+00 2.959154046502308120e+02 2.959154046502310393e+02
3.111111111111110716e+00 3.002064768374152095e+02 3.002064768374153800e+02
3.111111111111110716e+00 2.951507271892256767e+02 2.951507271892262452e+02
3.111111111111110716e+00 2.947909285155359953e+02 2.947909285155363364e+02
3.111111111111110716e+00 2.947909285155359953e+02 2.947909285155363364e+02
3.111111111111110716e+00 2.869322184955769899e+02 2.869322184955769899e+02
3.111111111111110716e+00 2.888572318445542351e+02 2.888572318445545761e+02
3.111111111111110716e+00 3.055610234045908555e+02 3.055610234045910261e+02
3.111111111111110716e+00 2.950978756874177975e+02 2.950978756874181386e+02
3.111111111111110716e+00 3.079332165948127340e+02 3.079332165948127340e+02
3.111111111111110716e+00 2.920507156146295529e+02 2.920507156146300076e+02
3.111111111111110716e+00 2.911809345896303398e+02 2.911809345896307377e+02
3.111111111111110716e+00 2.927750974681890739e+02 2.927750974681891876e+02
3.111111111111110716e+00 3.061353377722004439e+02 3.061353377722005007e+02
3.111111111111110716e+00 2.949998322300309610e+02 2.949998322300313589e+02
3.111111111111110716e+00 2.843189547859381605e+02 2.843189547859377626e+02
3.111111111111110716e+00 3.067983242410564344e+02 3.067983242410566618e+02
3.111111111111110716e+00 2.878776947754997764e+02 2.878776947754998332e+02
3.111111111111110716e+00 2.866814918151349048e+02 2.866814918151349616e+02
3.111111111111110716e+00 3.008465427295246855e+02 3.008465427295248560e+02
3.111111111111110716e+00 3.034815925658712104e+02 3.034815925658714377e+02
3.111111111111110716e+00 3.063949391712774855e+02 3.063949391712777128e+02
3.111111111111110716e+00 3.083291838026951837e+02 3.083291838026950131e+02
3.111111111111110716e+00 2.846301213532359498e+02 2.846301213532364045e+02
3.111111111111110716e+00 2.998792651790695913e+02 2.998792651790696482e+02
3.111111111111110716e+00 2.898703424283178833e+02 2.898703424283185086e+02
3.111111111111110716e+00 2.956349792851297593e+02 2.956349792851304414e+02
3.111111111111110716e+00 3.083291838026951837e+02 3.083291838026950131e+02
3.111111111111110716e+00 2.939185843391201161e+02 2.939185843391201161e+02
3.111111111111110716e+00 2.855622134822575617e+02 2.855622134822576186e+02
3.111111111111110716e+00 2.903229363554328870e+02 2.903229363554331712e+02
3.111111111111110716e+00 2.947909285155359953e+02 2.947909285155363364e+02
3.111111111111110716e+00 3.060036383721734978e+02 3.060036383721731568e+02
3.111111111111110716e+00 2.843334234535882956e+02 2.843334234535883525e+02
3.111111111111110716e+00 2.894158864763537053e+02 2.894158864763543306e+02
3.111111111111110716e+00 3.065466649582558034e+02 3.065466649582559171e+02
3.111111111111110716e+00 3.061007396199392474e+02 3.061007396199393042e+02
3.111111111111110716e+00 2.890132913060866713e+02 2.890132913060868418e+02
3.111111111111110716e+00 2.939185843391201161e+02 2.939185843391201161e+02
3.555555555555555358e+00 3.300889153405487946e+02 3.300889153405487377e+02
3.555555555555555358e+00 3.388097324307350391e+02 3.388097324307349822e+02
3.555555555555555358e+00 3.317877389469668969e+02 3.317877389469670675e+02
3.555555555555555358e+00 3.464600015398601158e+02 3.464600015398603432e+02
3.555555555555555358e+00 3.384233956115351702e+02 3.384233956115351134e+02
3.555555555555555358e+00 3.430425378651689812e+02 3.430425378651688675e+02
3.555555555555555358e+00 3.459940430121843065e+02 3.459940430121843633e+02
3.555555555555555358e+00 3.258082486625349361e+02 3.258082486625348793e+02
3.555555555555555358e+00 3.437792114968085571e+02 3.437792114968083297e+02
3.555555555555555358e+00 3.398956901849734322e+02 3.398956901849734322e+02
3.555555555555555358e+00 3.306860766303738046e+02 3.306860766303744867e+02
3.555555555555555358e+00 3.316492182928247416e+02 3.316492182928247416e+02
3.555555555555555358e+00 3.267170390272112854e+02 3.267170390272115696e+02
3.555555555555555358e+00 3.317877389469668969e+02 3.317877389469670675e+02
3.555555555555555358e+00 3.312701732828087984e+02 3.312701732828087984e+02
3.555555555555555358e+00 3.272551587354902267e+02 3.272551587354903404e+02
3.555555555555555358e+00 3.408680458610543837e+02 3.408680458610544406e+02
3.555555555555555358e+00 3.257464772698288584e+02 3.257464772698288016e+02
3.555555555555555358e+00 3.375884066432278701e+02 3.375884066432278701e+02
3.555555555555555358e+00 3.300844145388792299e+02 3.300844145388794004e+02
3.555555555555555358e+00 3.360446731221088044e+02 3.360446731221082359e+02
3.555555555555555358e+00 3.370305434818723711e+02 3.370305434818719732e+02
3.555555555555555358e+00 3.304978972601045939e+02 3.304978972601047644e+02
3.555555555555555358e+00 3.373401197625916552e+02 3.373401197625916552e+02
3.555555555555555358e+00 3.323598177546697912e+02 3.323598177546701891e+02
3.555555555555555358e+00 3.315186439450390594e+02 3.315186439450388889e+02
3.555555555555555358e+00 3.235833486656884475e+02 3.235833486656885043e+02
3.555555555555555358e+00 3.327077137960671962e+02 3.327077137960673667e+02
3.555555555555555358e+00 3.460466699806983684e+02 3.460466699806984820e+02
3.555555555555555358e+00 3.250238102081261218e+02 3.250238102081268607e+02
3.555555555555555358e+00 3.315358650772847682e+02 3.315358650772852229e+02
3.555555555555555358e+00 3.389389193847545130e+02 3.389389193847545130e+02
3.555555555555555358e+00 3.267170390272112854e+02 3.267170390272115696e+02
3.555555555555555358e+00 3.315186439450390594e+02 3.315186439450388889e+02
3.555555555555555358e+00 3.398384411488976298e+02 3.398384411488980277e+02
3.555555555555555358e+00 3.295287229735030792e+02 3.295287229735030792e+02
3.555555555555555358e+00 3.309328933989513075e+02 3.309328933989517623e+02
3.555555555555555358e+00 3.371851938471173753e+02 3.371851938471175458e+02
3.555555555555555358e+00 3.375884066432278701e+02 3.375884066432278701e+02
3.555555555555555358e+00 3.218863733397299143e+02 3.218863733397301417e+02
3.555555555555555358e+00 3.293117285398140552e+02 3.293117285398143395e+02
3.555555555555555358e+00 3.389389193847545130e+02 3.389389193847545130e+02
3.555555555555555358e+00 3.370980596092874748e+02 3.370980596092875885e+02
3.555555555555555358e+00 3.380861435768711090e+02 3.380861435768712795e+02
3.555555555555555358e+00 3.339305724208380752e+02 3.339305724208380184e+02
3.555555555555555358e+00 3.332897849651632782e+02 3.332897849651634488e+02
3.555555555555555358e+00 3.313837333655780526e+02 3.313837333655785642e+02
3.555555555555555358e+00 3.345634903428348821e+02 3.345634903428347116e+02
3.555555555555555358e+00 3.469062882804976198e+02 3.469062882804977335e+02
3.555555555555555358e+00 3.277833660125672282e+02 3.277833660125670576e+02
4.000000000000000000e+00 3.832125890096349963e+02 3.832125890096352236e+02
4.000000000000000000e+00 3.675204393597911121e+02 3.675204393597910553e+02
4.000000000000000000e+00 3.829243757705426106e+02 3.829243757705428948e+02
4.000000000000000000e+00 3.780213040521082348e+02 3.780213040521082917e+02
4.000000000000000000e+00 3.635369014118713835e+02 3.635369014118713267e+02
4.000000000000000000e+00 3.621498941034185464e+02 3.621498941034188874e+02
4.000000000000000000e+00 3.650419904294699336e+02 3.650419904294702178e+02
4.000000000000000000e+00 3.745094021008769687e+02 3.745094021008769118e+02
4.000000000000000000e+00 3.774469176542583000e+02 3.774469176542581295e+02
4.000000000000000000e+00 3.818180773809594371e+02 3.818180773809596076e+02
4.000000000000000000e+00 3.626593537623958809e+02 3.626593537623958809e+02
4.000000000000000000e+00 3.635369014118713835e+02 3.635369014118713267e+02
4.000000000000000000e+00 3.661401258266946002e+02 3.661401258266948275e+02
4.000000000000000000e+00 3.667099327841970648e+02 3.667099327841971785e+02
4.000000000000000000e+00 3.652409496868738756e+02 3.652409496868739893e+02
4.000000000000000000e+00 3.725706130471041320e+02 3.725706130471039046e+02
4.000000000000000000e+00 3.751636030392542125e+02 3.751636030392544399e+02
4.000000000000000000e+00 3.583691825322891304e+02 3.583691825322891304e+02
4.000000000000000000e+00 3.568475658167125175e+02 3.568475658167125175e+02
4.000000000000000000e+00 3.748164514043530176e+02 3.748164514043532449e+02
4.000000000000000000e+00 3.632511424673771785e+02 3.632511424673766101e+02
4.000000000000000000e+00 3.747085535495371573e+02 3.747085535495372142e+02
4.000000000000000000e+00 3.678233818477164618e+02 3.678233818477162345e+02
4.000000000000000000e+00 3.803298798130373939e+02 3.803298798130373939e+02
4.000000000000000000e+00 3.722913185663842341e+02 3.722913185663842341e+02
4.000000000000000000e+00 3.783119981978535975e+02 3.783119981978537680e+02
4.000000000000000000e+00 3.666806642320439664e+02 3.666806642320441370e+02
4.000000000000000000e+00 3.583691825322891304e+02 3.583691825322891304e+02
4.000000000000000000e+00 3.819658485965606474e+02 3.819658485965609316e+02
4.000000000000000000e+00 3.723138555908802800e+02 3.723138555908801663e+02
4.000000000000000000e+00 3.803298798130373939e+02 3.803298798130373939e+02
4.000000000000000000e+00 3.636053325458100289e+02 3.636053325458100289e+02
4.000000000000000000e+00 3.764574256926830458e+02 3.764574256926833300e+02
4.000000000000000000e+00 3.664191889702862568e+02 3.664191889702865410e+02
4.000000000000000000e+00 3.697821396562232508e+02 3.697821396562233076e+02
4.000000000000000000e+00 3.695931350873768224e+02 3.695931350873769929e+02
4.000000000000000000e+00 3.751636030392542125e+02 3.751636030392544399e+02
4.000000000000000000e+00 3.678740777029479432e+02 3.678740777029481137e+02
4.000000000000000000e+00 3.640664445889298690e+02 3.640664445889303238e+02
4.000000000000000000e+00 3.635369014118713835e+02 3.635369014118713267e+02
4.000000000000000000e+00 3.780213040521082348e+02 3.780213040521082917e+02
4.000000000000000000e+00 3.564599953284201206e+02 3.564599953284201774e+02
4.000000000000000000e+00 3.643967407699732348e+02 3.643967407699730074e+02
4.000000000000000000e+00 3.582560517705216512e+02 3.582560517705219922e+02
4.000000000000000000e+00 3.829269841501486553e+02 3.829269841501488258e+02
4.000000000000000000e+00 3.649303523547486066e+02 3.649303523547489476e+02
4.000000000000000000e+00 3.783013260056756621e+02 3.783013260056758895e+02
4.000000000000000000e+00 3.584820041818190930e+02 3.584820041818189225e+02
4.000000000000000000e+00 3.698070899147090245e+02 3.698070899147093087e+02
4.000000000000000000e+00 3.736339332277303242e+02 3.736339332277302105e+02
